0005 0005
1101 7002
1103 7002 7001
1105 7002
1106 7002
1308 7002 7010
1310 7002 7010
1311 7002 7010
1314 7002 7010
1316 7002 7014
1319 7002 7010
1320 7002 7010
1323 7002 7013
1337 7002
1350 7021
1503 7002
1505 7002 7010
1509 7002 7014
1512 7002 7014
1601 7002 7014
1602 7002 7014
1603 7002
1606 7002 7010
1801 7002 7011
3103 7002 7011
1803 7002 7011
1902 7002 7000
3107 7002 7000
1901 7002 7011
1904 7002 7011
1905 7002 7011
2301 7002 7010
2304 7002
2311 7002 7010
2308 7002
2310 7002
2311 7002 7010
2322 7002 7011
2501 7002 7011
2503 7002 7011
2505 7002
3102 7002 7028
5102 7002 7010
5105 7002
5106 7002 7024
5108 7002 7024
5109 7002 7024
5110 7002 7024
5111 7002 7014
5112 7002 7014
5113 7002 7014
5115 7002 7011
5116 7002 7014
5117 7002 7014
5121 7002
5125 7002
5201 7002 7011
5202 7002 7010
5204 7002 7011
5206 7002 7014
5207 7002 7014
5209 7002
6201 7002 7014
6202 7002 7014
6301 7002
6304 7002 7014
6305 7002 7028
6306 7002
6307 7002 7011
6314 7002 7014
6316 7002
6319 7002 7011
6370 7002 7011
6371 7002 7011 7014
6376 7002 7011
6378 7002 7011 7014
6390 7002 7011